RDA3
A
3
198147
197888
5
UTF-8
1026
1
262153
15
act_coeff_addfr
531
9
14
1
0.4
14
1
0.2
14
1
-0.7210022651641124
14
1
0.3
14
1
0.2
14
1
-0.11
14
1
0.12
14
1
-0.5
14
9
0.5756262551527322
0.251846877098724
0.1657142857142857
0.2980555918047762
0.3476953907815631
0.2783882783882784
0.27587890625
0.3308270676691729
0.3203599550056243
1026
1
262153
5
names
16
9
262153
4
beta
262153
10
sigma_beta
262153
2
mu
262153
8
sigma_mu
262153
11
sigma_alpha
262153
8
beta_mob
262153
9
sigma_mob
262153
14
alpha_beta_rho
262153
5
p_mob
254
1026
1
262153
16
reg_counts_addfr
14
9
315.3666666666667
49.63333333333333
5.833333333333333
510.8666666666667
33.26666666666667
9.1
68.26666666666667
53.2
148.1666666666667
254
