RDA3
A
3
198147
197888
5
UTF-8
1026
1
262153
16
act_coeff_first4
531
9
14
1
0.4
14
1
0.2
14
1
-1.189990323227179
14
1
0.3
14
1
0.25
14
1
0.2
14
1
0.05
14
1
0.1
14
4
0.5756262551527322
0.251846877098724
0.27587890625
0.3203599550056243
1026
1
262153
5
names
16
9
262153
4
beta
262153
10
sigma_beta
262153
2
mu
262153
8
sigma_mu
262153
11
sigma_alpha
262153
8
beta_mob
262153
9
sigma_mob
262153
14
alpha_beta_rho
262153
5
p_mob
254
1026
1
262153
17
reg_counts_first4
14
4
315.3666666666667
49.63333333333333
68.26666666666667
148.1666666666667
254
